0	1.3906	0	0	0	0	0
-2.19E-18	1.3906	2.23E-13	-2.19E-15	4.83E-09	-2.19E-12	1.93E-05
-7.78E-17	1.3906	7.48E-12	-7.56E-14	7.69E-08	-7.34E-11	0.00015332
-7.36E-16	1.3906	5.93E-11	-6.58E-13	3.87E-07	-5.82E-10	0.00051374
-3.95E-15	1.3906	2.61E-10	-3.21E-12	1.22E-06	-2.56E-09	0.001209
-1.53E-14	1.3906	8.27E-10	-1.13E-11	2.95E-06	-8.11E-09	0.0023441
-4.75E-14	1.3906	2.13E-09	-3.23E-11	6.08E-06	-2.09E-08	0.0040212
-1.27E-13	1.3906	4.78E-09	-7.92E-11	1.12E-05	-4.69E-08	0.0063388
-3.01E-13	1.3906	9.64E-09	-1.74E-10	1.90E-05	-9.46E-08	0.0093926
-6.51E-13	1.3906	1.79E-08	-3.50E-10	3.03E-05	-1.76E-07	0.013275
-1.31E-12	1.3906	3.13E-08	-6.58E-10	4.59E-05	-3.08E-07	0.018075
-2.48E-12	1.3906	5.19E-08	-1.17E-09	6.68E-05	-5.11E-07	0.02388
-4.46E-12	1.3906	8.25E-08	-1.98E-09	9.40E-05	-8.12E-07	0.030772
-7.68E-12	1.3906	1.27E-07	-3.23E-09	0.00012869	-1.25E-06	0.038831
-1.28E-11	1.3906	1.88E-07	-5.08E-09	0.00017206	-1.85E-06	0.048136
-2.05E-11	1.3906	2.72E-07	-7.77E-09	0.0002254	-2.69E-06	0.058759
-3.21E-11	1.3906	3.85E-07	-1.16E-08	0.00029005	-3.81E-06	0.070773
-4.90E-11	1.3906	5.34E-07	-1.69E-08	0.00036743	-5.28E-06	0.084246
-7.30E-11	1.3906	7.26E-07	-2.41E-08	0.00045905	-7.20E-06	0.099244
-1.07E-10	1.3906	9.73E-07	-3.37E-08	0.00056645	-9.65E-06	0.11583
-1.53E-10	1.3906	1.28E-06	-4.65E-08	0.00069125	-1.28E-05	0.13406
-2.16E-10	1.3906	1.67E-06	-6.31E-08	0.00083514	-1.67E-05	0.154
-3.01E-10	1.3906	2.15E-06	-8.46E-08	0.00099983	-2.15E-05	0.17569
-4.13E-10	1.3906	2.74E-06	-1.12E-07	0.0011871	-2.74E-05	0.1992
-5.60E-10	1.3906	3.45E-06	-1.47E-07	0.0013989	-3.46E-05	0.22457
-7.49E-10	1.3906	4.30E-06	-1.90E-07	0.0016369	-4.33E-05	0.25184
-9.93E-10	1.3906	5.33E-06	-2.44E-07	0.0019032	-5.37E-05	0.28106
-1.30E-09	1.3906	6.54E-06	-3.10E-07	0.0021997	-6.62E-05	0.31228
-1.69E-09	1.3906	7.97E-06	-3.91E-07	0.0025284	-8.09E-05	0.34553
-2.18E-09	1.3906	9.65E-06	-4.89E-07	0.0028914	-9.83E-05	0.38084
-2.79E-09	1.3907	1.16E-05	-6.08E-07	0.0032908	-0.00011865	0.41825
-3.54E-09	1.3907	1.39E-05	-7.50E-07	0.0037286	-0.00014238	0.4578
-4.46E-09	1.3907	1.65E-05	-9.20E-07	0.0042071	-0.00016995	0.4995
-5.58E-09	1.3907	1.95E-05	-1.12E-06	0.0047284	-0.00020181	0.54339
-6.94E-09	1.3907	2.29E-05	-1.36E-06	0.0052946	-0.0002385	0.5895
-8.58E-09	1.3907	2.69E-05	-1.64E-06	0.0059081	-0.0002806	0.63783
-1.06E-08	1.3907	3.13E-05	-1.97E-06	0.0065711	-0.00032871	0.68842
-1.29E-08	1.3907	3.64E-05	-2.35E-06	0.0072857	-0.00038354	0.74129
-1.57E-08	1.3907	4.20E-05	-2.80E-06	0.0080544	-0.00044581	0.79643
-1.90E-08	1.3907	4.84E-05	-3.32E-06	0.0088793	-0.00051632	0.85387
-2.29E-08	1.3907	5.56E-05	-3.91E-06	0.0097629	-0.00059594	0.91363
-2.75E-08	1.3907	6.36E-05	-4.60E-06	0.010707	-0.0006856	0.9757
-3.29E-08	1.3907	7.25E-05	-5.38E-06	0.011715	-0.00078632	1.0401
-3.92E-08	1.3907	8.24E-05	-6.28E-06	0.012788	-0.00089918	1.1068
-4.65E-08	1.3908	9.33E-05	-7.31E-06	0.013929	-0.0010253	1.1759
-5.50E-08	1.3908	0.00010546	-8.47E-06	0.015141	-0.0011661	1.2472
-6.48E-08	1.3908	0.00011883	-9.80E-06	0.016425	-0.0013227	1.321
-7.61E-08	1.3908	0.00013356	-1.13E-05	0.017784	-0.0014968	1.397
-8.90E-08	1.3908	0.00014972	-1.30E-05	0.01922	-0.0016897	1.4754
-1.04E-07	1.3908	0.00016745	-1.49E-05	0.020735	-0.0019032	1.556
-1.21E-07	1.3909	0.00018683	-1.70E-05	0.022332	-0.002139	1.639
-1.40E-07	1.3909	0.000208	-1.94E-05	0.024014	-0.0023991	1.7243
-1.62E-07	1.3909	0.00023106	-2.21E-05	0.025782	-0.0026854	1.8118
-1.88E-07	1.3909	0.00025616	-2.51E-05	0.027638	-0.003	1.9016
-2.16E-07	1.391	0.00028341	-2.85E-05	0.029586	-0.0033453	1.9937
-2.48E-07	1.391	0.00031297	-3.22E-05	0.031626	-0.0037237	2.088
-2.85E-07	1.391	0.00034496	-3.63E-05	0.033762	-0.0041377	2.1845
-3.25E-07	1.3911	0.00037955	-4.09E-05	0.035996	-0.00459	2.2832
-3.71E-07	1.3911	0.00041688	-4.60E-05	0.03833	-0.0050835	2.3841
-4.23E-07	1.3911	0.00045712	-5.16E-05	0.040765	-0.0056213	2.4871
-4.81E-07	1.3912	0.00050044	-5.78E-05	0.043305	-0.0062066	2.5922
-5.46E-07	1.3912	0.000547	-6.47E-05	0.04595	-0.0068427	2.6995
-6.18E-07	1.3913	0.00059698	-7.22E-05	0.048704	-0.0075332	2.8088
-6.98E-07	1.3913	0.00065058	-8.05E-05	0.051568	-0.008282	2.9201
-7.88E-07	1.3914	0.00070798	-8.96E-05	0.054545	-0.0090929	3.0334
-8.87E-07	1.3914	0.00076938	-9.95E-05	0.057636	-0.0099702	3.1487
-9.98E-07	1.3915	0.00083499	-0.00011046	0.060843	-0.010918	3.2659
-1.12E-06	1.3916	0.000905	-0.0001224	0.064168	-0.011942	3.385
-1.26E-06	1.3916	0.00097965	-0.00013544	0.067614	-0.013045	3.506
-1.41E-06	1.3917	0.0010592	-0.00014968	0.071181	-0.014234	3.6288
-1.57E-06	1.3918	0.0011437	-0.00016519	0.074872	-0.015513	3.7534
-1.75E-06	1.3918	0.0012337	-0.00018208	0.078688	-0.016888	3.8797
-1.95E-06	1.3919	0.0013291	-0.00020044	0.082632	-0.018366	4.0078
-2.17E-06	1.392	0.0014304	-0.0002204	0.086704	-0.019951	4.1375
-2.42E-06	1.3921	0.0015378	-0.00024205	0.090907	-0.02165	4.2688
-2.68E-06	1.3922	0.0016515	-0.00026552	0.095242	-0.02347	4.4016
-2.97E-06	1.3923	0.0017717	-0.00029093	0.099711	-0.025418	4.536
-3.29E-06	1.3924	0.0018989	-0.00031843	0.10432	-0.0275	4.6719
-3.64E-06	1.3925	0.0020332	-0.00034816	0.10906	-0.029724	4.8092
-4.02E-06	1.3926	0.002175	-0.00038026	0.11393	-0.032099	4.9479
-4.43E-06	1.3927	0.0023245	-0.00041489	0.11895	-0.034631	5.0879
-4.89E-06	1.3928	0.0024821	-0.00045222	0.12411	-0.037329	5.2292
-5.38E-06	1.393	0.002648	-0.00049242	0.12941	-0.040202	5.3718
-5.91E-06	1.3931	0.0028226	-0.00053568	0.13485	-0.043258	5.5155
-6.50E-06	1.3932	0.0030062	-0.00058218	0.14044	-0.046507	5.6603
-7.13E-06	1.3934	0.0031991	-0.00063214	0.14618	-0.049958	5.8062
-7.81E-06	1.3935	0.0034017	-0.00068576	0.15205	-0.053621	5.9531
-8.56E-06	1.3937	0.0036143	-0.00074327	0.15808	-0.057507	6.101
-9.36E-06	1.3939	0.0038372	-0.00080489	0.16426	-0.061625	6.2498
-1.02E-05	1.394	0.0040708	-0.00087088	0.17058	-0.065986	6.3994
-1.12E-05	1.3942	0.0043155	-0.00094148	0.17706	-0.070601	6.5499
-1.22E-05	1.3944	0.0045716	-0.001017	0.18368	-0.075483	6.701
-1.33E-05	1.3946	0.0048395	-0.0010976	0.19046	-0.080641	6.8528
-1.45E-05	1.3948	0.0051197	-0.0011837	0.19739	-0.086089	7.0053
-1.57E-05	1.395	0.0054123	-0.0012755	0.20447	-0.091839	7.1583
-1.71E-05	1.3952	0.005718	-0.0013734	0.2117	-0.097903	7.3118
-1.86E-05	1.3954	0.006037	-0.0014777	0.21909	-0.10429	7.4658
-2.02E-05	1.3956	0.0063698	-0.0015888	0.22664	-0.11103	7.6201
-2.19E-05	1.3958	0.0067167	-0.0017069	0.23433	-0.11811	7.7747
-2.37E-05	1.3961	0.0070782	-0.0018324	0.24219	-0.12557	7.9296
-2.57E-05	1.3963	0.0074548	-0.0019658	0.25019	-0.1334	8.0847
-2.78E-05	1.3966	0.0078467	-0.0021075	0.25835	-0.14164	8.24
-3.01E-05	1.3968	0.0082546	-0.0022578	0.26667	-0.15028	8.3953
-3.25E-05	1.3971	0.0086787	-0.0024171	0.27515	-0.15935	8.5506
-3.51E-05	1.3974	0.0091196	-0.002586	0.28377	-0.16886	8.7058
-3.78E-05	1.3977	0.0095777	-0.0027648	0.29256	-0.17883	8.861
-4.08E-05	1.398	0.010053	-0.0029541	0.3015	-0.18927	9.0159
-4.39E-05	1.3983	0.010547	-0.0031543	0.31059	-0.2002	9.1706
-4.73E-05	1.3986	0.01106	-0.0033659	0.31984	-0.21164	9.325
-5.09E-05	1.3989	0.011591	-0.0035895	0.32924	-0.22359	9.4791
-5.47E-05	1.3993	0.012142	-0.0038256	0.33879	-0.23609	9.6327
-5.88E-05	1.3996	0.012713	-0.0040747	0.3485	-0.24913	9.7858
-6.31E-05	1.3999	0.013304	-0.0043375	0.35837	-0.26275	9.9384
-6.77E-05	1.4003	0.013917	-0.0046144	0.36838	-0.27696	10.09
-7.26E-05	1.4007	0.01455	-0.0049062	0.37855	-0.29178	10.242
-7.79E-05	1.4011	0.015206	-0.0052134	0.38886	-0.30722	10.392
-8.34E-05	1.4015	0.015884	-0.0055367	0.39933	-0.3233	10.542
-8.93E-05	1.4019	0.016585	-0.0058768	0.40995	-0.34004	10.691
-9.55E-05	1.4023	0.01731	-0.0062342	0.42071	-0.35745	10.839
-0.00010212	1.4027	0.018058	-0.0066098	0.43162	-0.37556	10.985
-0.00010912	1.4031	0.018831	-0.0070042	0.44268	-0.39438	11.131
-0.00011654	1.4036	0.019628	-0.0074181	0.45389	-0.41394	11.276
-0.00012439	1.4041	0.020451	-0.0078523	0.46523	-0.43424	11.42
-0.0001327	1.4045	0.021301	-0.0083076	0.47672	-0.4553	11.562
-0.00014149	1.405	0.022176	-0.0087848	0.48836	-0.47715	11.703
-0.00015077	1.4055	0.023079	-0.0092846	0.50013	-0.4998	11.843
-0.00016058	1.406	0.024009	-0.0098079	0.51204	-0.52327	11.981
-0.00017093	1.4065	0.024967	-0.010355	0.52409	-0.54758	12.117
-0.00018186	1.4071	0.025954	-0.010928	0.53628	-0.57274	12.253
-0.00019339	1.4076	0.02697	-0.011527	0.5486	-0.59878	12.386
-0.00020554	1.4082	0.028015	-0.012153	0.56105	-0.6257	12.518
-0.00021835	1.4087	0.029091	-0.012806	0.57363	-0.65353	12.648
-0.00023184	1.4093	0.030198	-0.013488	0.58634	-0.68228	12.777
-0.00024604	1.4099	0.031335	-0.0142	0.59918	-0.71196	12.903
-0.00026098	1.4105	0.032505	-0.014943	0.61215	-0.74261	13.028
-0.0002767	1.4111	0.033706	-0.015717	0.62524	-0.77422	13.151
-0.00029322	1.4117	0.034941	-0.016524	0.63845	-0.80682	13.272
-0.00031059	1.4124	0.036209	-0.017365	0.65178	-0.84043	13.39
-0.00032883	1.4131	0.037511	-0.01824	0.66523	-0.87505	13.507
-0.00034798	1.4137	0.038847	-0.01915	0.6788	-0.9107	13.621
-0.00036807	1.4144	0.040218	-0.020098	0.69247	-0.94739	13.734
-0.00038916	1.4151	0.041625	-0.021083	0.70626	-0.98514	13.843
-0.00041126	1.4158	0.043068	-0.022107	0.72016	-1.024	13.951
-0.00043443	1.4166	0.044547	-0.023171	0.73416	-1.0639	14.056
-0.00045871	1.4173	0.046063	-0.024276	0.74827	-1.1049	14.159
-0.00048413	1.418	0.047617	-0.025423	0.76248	-1.147	14.259
-0.00051074	1.4188	0.049209	-0.026613	0.77679	-1.1902	14.357
-0.00053859	1.4196	0.05084	-0.027847	0.79119	-1.2346	14.453
-0.00056772	1.4204	0.05251	-0.029127	0.80569	-1.2801	14.545
-0.00059817	1.4212	0.054219	-0.030454	0.82028	-1.3267	14.635
-0.00063	1.422	0.055969	-0.031829	0.83496	-1.3745	14.722
-0.00066325	1.4229	0.05776	-0.033252	0.84973	-1.4235	14.807
-0.00069798	1.4237	0.059591	-0.034726	0.86458	-1.4736	14.889
-0.00073423	1.4246	0.061465	-0.03625	0.8795	-1.5249	14.968
-0.00077206	1.4255	0.06338	-0.037828	0.89451	-1.5773	15.044
-0.00081152	1.4264	0.065339	-0.039459	0.90959	-1.631	15.117
-0.00085266	1.4273	0.06734	-0.041145	0.92474	-1.6858	15.187
-0.00089555	1.4282	0.069385	-0.042886	0.93996	-1.7419	15.254
-0.00094023	1.4292	0.071475	-0.044686	0.95525	-1.7991	15.318
-0.00098678	1.4302	0.073609	-0.046543	0.9706	-1.8575	15.379
-0.0010352	1.4311	0.075788	-0.04846	0.98601	-1.9171	15.437
-0.0010857	1.4321	0.078012	-0.050438	1.0015	-1.9779	15.492
-0.0011382	1.4331	0.080283	-0.052478	1.017	-2.0398	15.543
-0.0011927	1.4342	0.0826	-0.054581	1.0326	-2.103	15.592
-0.0012495	1.4352	0.084965	-0.056748	1.0482	-2.1673	15.637
-0.0013085	1.4363	0.087376	-0.058981	1.0638	-2.2328	15.679
-0.0013697	1.4373	0.089836	-0.06128	1.0795	-2.2995	15.717
-0.0014334	1.4384	0.092344	-0.063648	1.0953	-2.3673	15.753
-0.0014995	1.4395	0.0949	-0.066084	1.111	-2.4363	15.785
-0.0015681	1.4406	0.097506	-0.06859	1.1268	-2.5064	15.813
-0.0016392	1.4418	0.10016	-0.071168	1.1427	-2.5776	15.838
-0.0017131	1.4429	0.10287	-0.073818	1.1585	-2.6499	15.86
-0.0017896	1.4441	0.10562	-0.076541	1.1744	-2.7234	15.878
-0.0018689	1.4453	0.10843	-0.079339	1.1903	-2.7979	15.893
-0.0019511	1.4465	0.11129	-0.082213	1.2062	-2.8735	15.904
-0.0020363	1.4477	0.1142	-0.085163	1.2221	-2.9502	15.912
-0.0021245	1.4489	0.11716	-0.088191	1.238	-3.0278	15.916
-0.0022158	1.4502	0.12017	-0.091297	1.2539	-3.1065	15.917
-0.0023103	1.4514	0.12323	-0.094483	1.2698	-3.1862	15.914
-0.002408	1.4527	0.12635	-0.09775	1.2857	-3.2669	15.907
-0.0025091	1.454	0.12953	-0.1011	1.3016	-3.3485	15.897
-0.0026137	1.4553	0.13275	-0.10453	1.3175	-3.4311	15.884
-0.0027217	1.4566	0.13603	-0.10804	1.3334	-3.5145	15.866
-0.0028333	1.458	0.13937	-0.11164	1.3493	-3.5988	15.845
-0.0029487	1.4593	0.14275	-0.11533	1.3651	-3.684	15.821
-0.0030678	1.4607	0.1462	-0.1191	1.3809	-3.7699	15.793
-0.0031907	1.4621	0.1497	-0.12295	1.3967	-3.8567	15.761
-0.0033176	1.4635	0.15325	-0.1269	1.4124	-3.9442	15.725
-0.0034486	1.4649	0.15686	-0.13093	1.4281	-4.0324	15.686
-0.0035836	1.4664	0.16052	-0.13505	1.4438	-4.1213	15.643
-0.0037229	1.4678	0.16425	-0.13926	1.4594	-4.2109	15.597
-0.0038664	1.4693	0.16802	-0.14356	1.475	-4.3011	15.547
-0.0040144	1.4708	0.17186	-0.14796	1.4905	-4.3919	15.493
-0.0041668	1.4723	0.17575	-0.15244	1.506	-4.4832	15.436
-0.0043238	1.4738	0.1797	-0.15701	1.5214	-4.575	15.375
-0.0044855	1.4753	0.1837	-0.16168	1.5367	-4.6673	15.31
-0.004652	1.4768	0.18777	-0.16644	1.552	-4.76	15.242
-0.0048233	1.4784	0.19189	-0.17129	1.5672	-4.853	15.17
-0.0049995	1.48	0.19606	-0.17624	1.5823	-4.9464	15.094
-0.0051808	1.4816	0.2003	-0.18128	1.5974	-5.0401	15.015
-0.0053672	1.4832	0.20459	-0.18641	1.6124	-5.1341	14.933
-0.0055588	1.4848	0.20895	-0.19164	1.6272	-5.2282	14.846
-0.0057558	1.4864	0.21336	-0.19697	1.642	-5.3225	14.757
-0.0059582	1.4881	0.21783	-0.20238	1.6568	-5.4169	14.663
-0.0061661	1.4897	0.22235	-0.20789	1.6714	-5.5113	14.566
-0.0063796	1.4914	0.22694	-0.2135	1.6859	-5.6057	14.466
-0.0065988	1.4931	0.23158	-0.2192	1.7003	-5.7001	14.362
-0.0068238	1.4948	0.23629	-0.22499	1.7146	-5.7944	14.255
-0.0070546	1.4965	0.24105	-0.23088	1.7288	-5.8886	14.144
-0.0072915	1.4983	0.24587	-0.23686	1.7429	-5.9825	14.03
-0.0075345	1.5	0.25075	-0.24294	1.7569	-6.0762	13.912
-0.0077836	1.5018	0.25568	-0.24911	1.7707	-6.1696	13.792
-0.0080389	1.5036	0.26068	-0.25537	1.7845	-6.2626	13.667
-0.0083007	1.5054	0.26573	-0.26173	1.7981	-6.3551	13.54
-0.0085688	1.5072	0.27085	-0.26818	1.8115	-6.4473	13.409
-0.0088436	1.509	0.27602	-0.27471	1.8249	-6.5388	13.275
-0.0091249	1.5108	0.28125	-0.28134	1.8381	-6.6298	13.138
-0.009413	1.5127	0.28654	-0.28806	1.8511	-6.7202	12.997
-0.0097078	1.5145	0.29189	-0.29487	1.8641	-6.8098	12.854
-0.01001	1.5164	0.29729	-0.30177	1.8769	-6.8987	12.707
-0.010318	1.5183	0.30276	-0.30876	1.8895	-6.9867	12.558
-0.010634	1.5202	0.30828	-0.31583	1.902	-7.0739	12.405
-0.010957	1.5221	0.31386	-0.32299	1.9143	-7.1602	12.249
-0.011287	1.524	0.31949	-0.33024	1.9265	-7.2455	12.091
-0.011625	1.5259	0.32519	-0.33757	1.9385	-7.3297	11.929
-0.01197	1.5279	0.33094	-0.34498	1.9503	-7.4128	11.765
-0.012322	1.5298	0.33675	-0.35248	1.962	-7.4947	11.598
-0.012683	1.5318	0.34262	-0.36005	1.9735	-7.5754	11.428
-0.01305	1.5338	0.34854	-0.36771	1.9849	-7.6549	11.256
-0.013426	1.5358	0.35452	-0.37544	1.996	-7.7329	11.081
-0.013809	1.5378	0.36056	-0.38325	2.007	-7.8096	10.903
-0.0142	1.5398	0.36665	-0.39113	2.0178	-7.8849	10.722
-0.014599	1.5418	0.3728	-0.39909	2.0285	-7.9586	10.54
-0.015006	1.5438	0.37901	-0.40712	2.0389	-8.0308	10.354
-0.015421	1.5459	0.38527	-0.41522	2.0492	-8.1013	10.167
-0.015845	1.5479	0.39159	-0.42339	2.0592	-8.1701	9.9768
-0.016277	1.55	0.39796	-0.43163	2.0691	-8.2372	9.7845
-0.016716	1.5521	0.40438	-0.43993	2.0788	-8.3026	9.59
-0.017165	1.5542	0.41086	-0.4483	2.0883	-8.366	9.3934
-0.017621	1.5562	0.41739	-0.45673	2.0976	-8.4276	9.1947
-0.018087	1.5583	0.42398	-0.46522	2.1067	-8.4872	8.9939
-0.01856	1.5605	0.43062	-0.47376	2.1156	-8.5448	8.7912
-0.019043	1.5626	0.43731	-0.48236	2.1243	-8.6004	8.5866
-0.019534	1.5647	0.44406	-0.49101	2.1328	-8.6538	8.3801
-0.020034	1.5668	0.45085	-0.49972	2.141	-8.7051	8.1718
-0.020542	1.569	0.4577	-0.50847	2.1491	-8.7542	7.9618
-0.021059	1.5711	0.4646	-0.51727	2.157	-8.8011	7.7502
-0.021585	1.5733	0.47155	-0.52612	2.1646	-8.8456	7.5369
-0.02212	1.5755	0.47856	-0.53501	2.172	-8.8878	7.3222
-0.022664	1.5776	0.48561	-0.54394	2.1792	-8.9276	7.106
-0.023217	1.5798	0.49271	-0.5529	2.1862	-8.9649	6.8884
-0.023779	1.582	0.49986	-0.5619	2.193	-8.9998	6.6696
-0.02435	1.5842	0.50706	-0.57093	2.1996	-9.0321	6.4494
-0.02493	1.5864	0.5143	-0.57999	2.2059	-9.0619	6.2282
-0.025519	1.5886	0.5216	-0.58908	2.212	-9.0891	6.0058
-0.026117	1.5908	0.52894	-0.5982	2.2179	-9.1137	5.7824
-0.026725	1.5931	0.53633	-0.60733	2.2236	-9.1355	5.5581
-0.027341	1.5953	0.54376	-0.61649	2.2291	-9.1547	5.3329
-0.027967	1.5975	0.55124	-0.62566	2.2343	-9.1712	5.1069
-0.028602	1.5998	0.55877	-0.63484	2.2393	-9.1848	4.8802
-0.029246	1.602	0.56634	-0.64404	2.244	-9.1957	4.6528
-0.029899	1.6042	0.57395	-0.65324	2.2486	-9.2037	4.4249
-0.030561	1.6065	0.58161	-0.66245	2.2529	-9.2089	4.1964
-0.031233	1.6088	0.58931	-0.67166	2.257	-9.2111	3.9676
-0.031914	1.611	0.59706	-0.68087	2.2608	-9.2105	3.7384
-0.032604	1.6133	0.60484	-0.69008	2.2644	-9.207	3.5089
-0.033303	1.6155	0.61267	-0.69928	2.2678	-9.2004	3.2793
-0.034012	1.6178	0.62054	-0.70847	2.271	-9.191	3.0496
-0.034729	1.6201	0.62844	-0.71765	2.2739	-9.1785	2.8198
-0.035456	1.6224	0.63639	-0.72681	2.2766	-9.163	2.5901
-0.036192	1.6246	0.64438	-0.73596	2.2791	-9.1446	2.3605
-0.036937	1.6269	0.6524	-0.74508	2.2814	-9.1231	2.1312
-0.037691	1.6292	0.66046	-0.75418	2.2834	-9.0985	1.9021
-0.038455	1.6315	0.66856	-0.76325	2.2852	-9.071	1.6734
-0.039227	1.6338	0.6767	-0.77229	2.2867	-9.0403	1.4452
-0.040008	1.6361	0.68487	-0.7813	2.2881	-9.0067	1.2174
-0.040799	1.6383	0.69308	-0.79027	2.2892	-8.97	0.99033
-0.041598	1.6406	0.70132	-0.7992	2.29	-8.9302	0.7639
-0.042406	1.6429	0.7096	-0.80808	2.2907	-8.8874	0.53824
-0.043223	1.6452	0.71791	-0.81693	2.2911	-8.8415	0.31342
-0.044049	1.6475	0.72625	-0.82572	2.2913	-8.7927	0.089526
-0.044883	1.6498	0.73463	-0.83446	2.2913	-8.7407	-0.13337
-0.045726	1.6521	0.74303	-0.84315	2.291	-8.6858	-0.35518
-0.046578	1.6544	0.75147	-0.85177	2.2906	-8.6279	-0.57583
-0.047438	1.6567	0.75994	-0.86034	2.2899	-8.5671	-0.79525
-0.048307	1.659	0.76844	-0.86884	2.289	-8.5032	-1.0133
-0.049184	1.6612	0.77696	-0.87728	2.2879	-8.4364	-1.2301
-0.05007	1.6635	0.78552	-0.88565	2.2865	-8.3667	-1.4453
-0.050964	1.6658	0.7941	-0.89394	2.285	-8.2941	-1.659
-0.051866	1.6681	0.80271	-0.90216	2.2832	-8.2187	-1.8711
-0.052776	1.6704	0.81135	-0.9103	2.2812	-8.1404	-2.0815
-0.053695	1.6727	0.82002	-0.91836	2.2791	-8.0594	-2.2902
-0.054621	1.6749	0.8287	-0.92634	2.2767	-7.9755	-2.497
-0.055555	1.6772	0.83742	-0.93422	2.2741	-7.889	-2.7019
-0.056497	1.6795	0.84616	-0.94202	2.2713	-7.7998	-2.9048
-0.057447	1.6818	0.85492	-0.94973	2.2682	-7.7079	-3.1056
-0.058404	1.684	0.8637	-0.95735	2.265	-7.6134	-3.3044
-0.059369	1.6863	0.87251	-0.96486	2.2616	-7.5164	-3.5009
-0.060342	1.6886	0.88133	-0.97228	2.258	-7.4169	-3.6953
-0.061321	1.6908	0.89018	-0.97959	2.2543	-7.315	-3.8872
-0.062308	1.6931	0.89905	-0.9868	2.2503	-7.2106	-4.0768
-0.063302	1.6953	0.90794	-0.99391	2.2461	-7.104	-4.264
-0.064303	1.6976	0.91685	-1.0009	2.2417	-6.9951	-4.4486
-0.065311	1.6998	0.92578	-1.0078	2.2372	-6.884	-4.6307
-0.066325	1.702	0.93472	-1.0146	2.2325	-6.7707	-4.8101
-0.067346	1.7043	0.94368	-1.0212	2.2276	-6.6554	-4.9868
-0.068374	1.7065	0.95266	-1.0278	2.2225	-6.538	-5.1608
-0.069408	1.7087	0.96166	-1.0342	2.2173	-6.4188	-5.332
-0.070449	1.7109	0.97067	-1.0405	2.2118	-6.2977	-5.5003
-0.071495	1.7131	0.9797	-1.0466	2.2063	-6.1749	-5.6658
-0.072548	1.7153	0.98874	-1.0527	2.2005	-6.0503	-5.8282
-0.073607	1.7175	0.9978	-1.0586	2.1946	-5.9242	-5.9877
-0.074671	1.7197	1.0069	-1.0644	2.1885	-5.7965	-6.1441
-0.075741	1.7219	1.0159	-1.0701	2.1823	-5.6674	-6.2974
-0.076817	1.7241	1.025	-1.0756	2.1759	-5.537	-6.4475
-0.077898	1.7263	1.0341	-1.081	2.1694	-5.4053	-6.5945
-0.078984	1.7284	1.0433	-1.0863	2.1628	-5.2725	-6.7382
-0.080076	1.7306	1.0524	-1.0914	2.156	-5.1387	-6.8787
-0.081172	1.7327	1.0615	-1.0964	2.149	-5.0039	-7.0159
-0.082273	1.7349	1.0707	-1.1013	2.1419	-4.8683	-7.1498
-0.083379	1.737	1.0798	-1.106	2.1347	-4.732	-7.2803
-0.08449	1.7392	1.089	-1.1106	2.1274	-4.595	-7.4074
-0.085605	1.7413	1.0982	-1.1151	2.1199	-4.4576	-7.5311
-0.086724	1.7434	1.1074	-1.1194	2.1123	-4.3197	-7.6514
-0.087848	1.7455	1.1166	-1.1236	2.1046	-4.1816	-7.7683
-0.088976	1.7476	1.1258	-1.1276	2.0968	-4.0433	-7.8816
-0.090107	1.7497	1.135	-1.1315	2.0888	-3.905	-7.9916
-0.091243	1.7518	1.1442	-1.1353	2.0808	-3.7668	-8.098
-0.092381	1.7539	1.1534	-1.1389	2.0726	-3.6289	-8.2009
-0.093524	1.7559	1.1627	-1.1424	2.0644	-3.4912	-8.3003
-0.09467	1.758	1.1719	-1.1458	2.056	-3.3541	-8.3962
-0.095819	1.76	1.1811	-1.149	2.0476	-3.2176	-8.4887
-0.096971	1.7621	1.1904	-1.1521	2.0391	-3.0818	-8.5776
-0.098126	1.7641	1.1996	-1.155	2.0304	-2.947	-8.663
-0.099284	1.7661	1.2089	-1.1578	2.0217	-2.8132	-8.745
-0.10044	1.7682	1.2181	-1.1605	2.0129	-2.6805	-8.8234
-0.10161	1.7702	1.2274	-1.1631	2.0041	-2.5492	-8.8985
-0.10277	1.7722	1.2367	-1.1655	1.9952	-2.4194	-8.9701
-0.10394	1.7742	1.2459	-1.1678	1.9861	-2.2912	-9.0383
-0.10511	1.7761	1.2552	-1.1699	1.9771	-2.1647	-9.1032
-0.10628	1.7781	1.2645	-1.172	1.9679	-2.0402	-9.1647
-0.10746	1.7801	1.2737	-1.1739	1.9587	-1.9178	-9.2229
-0.10863	1.782	1.283	-1.1757	1.9495	-1.7977	-9.2779
-0.10981	1.784	1.2923	-1.1774	1.9402	-1.6799	-9.3297
-0.11099	1.7859	1.3016	-1.1789	1.9308	-1.5647	-9.3783
-0.11217	1.7878	1.3109	-1.1804	1.9214	-1.4523	-9.4238
-0.11335	1.7897	1.3202	-1.1817	1.912	-1.3427	-9.4662
-0.11453	1.7917	1.3294	-1.183	1.9025	-1.2362	-9.5057
-0.11572	1.7936	1.3387	-1.1841	1.893	-1.1329	-9.5423
-0.1169	1.7954	1.348	-1.1851	1.8834	-1.0331	-9.576
-0.11809	1.7973	1.3573	-1.1861	1.8738	-0.93677	-9.6069
-0.11928	1.7992	1.3666	-1.1869	1.8642	-0.84421	-9.6352
-0.12046	1.8011	1.3759	-1.1877	1.8546	-0.75556	-9.6608
-0.12165	1.8029	1.3852	-1.1884	1.8449	-0.671	-9.684
-0.12284	1.8047	1.3945	-1.1889	1.8352	-0.5907	-9.7048
-0.12403	1.8066	1.4038	-1.1895	1.8255	-0.51483	-9.7232
-0.12522	1.8084	1.4131	-1.1899	1.8157	-0.44357	-9.7394
-0.12641	1.8102	1.4224	-1.1903	1.806	-0.37708	-9.7536
-0.1276	1.812	1.4316	-1.1906	1.7962	-0.31553	-9.7658
-0.12879	1.8138	1.4409	-1.1909	1.7865	-0.2591	-9.7762
-0.12998	1.8156	1.4502	-1.1911	1.7767	-0.20793	-9.7848
-0.13117	1.8173	1.4595	-1.1912	1.7669	-0.1622	-9.7919
-0.13237	1.8191	1.4688	-1.1913	1.7571	-0.12204	-9.7975
-0.13356	1.8209	1.4781	-1.1914	1.7473	-0.087576	-9.8019
-0.13475	1.8226	1.4874	-1.1915	1.7375	-0.058914	-9.8051
-0.13594	1.8243	1.4967	-1.1915	1.7277	-0.03611	-9.8073
-0.13713	1.8261	1.506	-1.1915	1.7179	-0.019149	-9.8088
-0.13832	1.8278	1.5153	-1.1916	1.7081	-0.0078755	-9.8096
-0.13951	1.8295	1.5246	-1.1916	1.6983	-0.0018604	-9.8099
-0.14071	1.8312	1.5339	-1.1916	1.6885	-4.90E-05	-9.81
-0.1419	1.8335	1.5467	-1.1916	1.6926	0	-9.81
-0.14309	1.8352	1.556	-1.1916	1.6828	0	-9.81
-0.14428	1.8369	1.5653	-1.1916	1.673	0	-9.81
-0.14547	1.8385	1.5746	-1.1916	1.6632	0	-9.81
-0.14666	1.8402	1.5839	-1.1916	1.6534	0	-9.81
-0.14786	1.8418	1.5932	-1.1916	1.6436	0	-9.81
-0.14905	1.8435	1.6025	-1.1916	1.6337	0	-9.81
-0.15024	1.8451	1.6118	-1.1916	1.6239	0	-9.81
-0.15143	1.8467	1.6211	-1.1916	1.6141	0	-9.81
-0.15262	1.8483	1.6304	-1.1916	1.6043	0	-9.81
-0.15381	1.8499	1.6396	-1.1916	1.5945	0	-9.81
-0.155	1.8515	1.6489	-1.1916	1.5847	0	-9.81
-0.1562	1.8531	1.6582	-1.1916	1.5749	0	-9.81
-0.15739	1.8547	1.6675	-1.1916	1.5651	0	-9.81
-0.15858	1.8562	1.6768	-1.1916	1.5553	0	-9.81
-0.15977	1.8578	1.6861	-1.1916	1.5455	0	-9.81
-0.16096	1.8593	1.6954	-1.1916	1.5356	0	-9.81
-0.16215	1.8609	1.7047	-1.1916	1.5258	0	-9.81
-0.16335	1.8624	1.714	-1.1916	1.516	0	-9.81
-0.16454	1.8639	1.7233	-1.1916	1.5062	0	-9.81
-0.16573	1.8654	1.7326	-1.1916	1.4964	0	-9.81
-0.16692	1.8669	1.7419	-1.1916	1.4866	0	-9.81
-0.16811	1.8684	1.7512	-1.1916	1.4768	0	-9.81
-0.1693	1.8698	1.7605	-1.1916	1.467	0	-9.81
-0.1705	1.8713	1.7698	-1.1916	1.4572	0	-9.81
-0.17169	1.8728	1.7791	-1.1916	1.4474	0	-9.81
-0.17288	1.8742	1.7884	-1.1916	1.4375	0	-9.81
-0.17407	1.8756	1.7976	-1.1916	1.4277	0	-9.81
-0.17526	1.8771	1.8069	-1.1916	1.4179	0	-9.81
-0.17645	1.8785	1.8162	-1.1916	1.4081	0	-9.81
-0.17764	1.8799	1.8255	-1.1916	1.3983	0	-9.81
-0.17884	1.8813	1.8348	-1.1916	1.3885	0	-9.81
-0.18003	1.8826	1.8441	-1.1916	1.3787	0	-9.81
-0.18122	1.884	1.8534	-1.1916	1.3689	0	-9.81
-0.18241	1.8854	1.8627	-1.1916	1.3591	0	-9.81
-0.1836	1.8867	1.872	-1.1916	1.3493	0	-9.81
-0.18479	1.8881	1.8813	-1.1916	1.3394	0	-9.81
-0.18599	1.8894	1.8906	-1.1916	1.3296	0	-9.81
-0.18718	1.8907	1.8999	-1.1916	1.3198	0	-9.81
-0.18837	1.8921	1.9092	-1.1916	1.31	0	-9.81
-0.18956	1.8934	1.9185	-1.1916	1.3002	0	-9.81
-0.19075	1.8947	1.9278	-1.1916	1.2904	0	-9.81
-0.19194	1.8959	1.9371	-1.1916	1.2806	0	-9.81
-0.19313	1.8972	1.9464	-1.1916	1.2708	0	-9.81
-0.19433	1.8985	1.9556	-1.1916	1.261	0	-9.81
-0.19552	1.8997	1.9649	-1.1916	1.2512	0	-9.81
-0.19671	1.901	1.9742	-1.1916	1.2413	0	-9.81
-0.1979	1.9022	1.9835	-1.1916	1.2315	0	-9.81
-0.19909	1.9035	1.9928	-1.1916	1.2217	0	-9.81
-0.20028	1.9047	2.0021	-1.1916	1.2119	0	-9.81
-0.20148	1.9059	2.0114	-1.1916	1.2021	0	-9.81
-0.20267	1.9071	2.0207	-1.1916	1.1923	0	-9.81
-0.20386	1.9083	2.03	-1.1916	1.1825	0	-9.81
-0.20505	1.9094	2.0393	-1.1916	1.1727	0	-9.81
-0.20624	1.9106	2.0486	-1.1916	1.1629	0	-9.81
-0.20743	1.9118	2.0579	-1.1916	1.1531	0	-9.81
-0.20862	1.9129	2.0672	-1.1916	1.1432	0	-9.81
-0.20982	1.914	2.0765	-1.1916	1.1334	0	-9.81
-0.21101	1.9152	2.0858	-1.1916	1.1236	0	-9.81
-0.2122	1.9163	2.0951	-1.1916	1.1138	0	-9.81
-0.21339	1.9174	2.1044	-1.1916	1.104	0	-9.81
-0.21458	1.9185	2.1136	-1.1916	1.0942	0	-9.81
-0.21577	1.9196	2.1229	-1.1916	1.0844	0	-9.81
-0.21697	1.9207	2.1322	-1.1916	1.0746	0	-9.81
-0.21816	1.9217	2.1415	-1.1916	1.0648	0	-9.81
-0.21935	1.9228	2.1508	-1.1916	1.055	0	-9.81
-0.22054	1.9239	2.1601	-1.1916	1.0451	0	-9.81
-0.22173	1.9249	2.1694	-1.1916	1.0353	0	-9.81
-0.22292	1.9259	2.1787	-1.1916	1.0255	0	-9.81
-0.22412	1.9269	2.188	-1.1916	1.0157	0	-9.81
-0.22531	1.928	2.1973	-1.1916	1.0059	0	-9.81
-0.2265	1.929	2.2066	-1.1916	0.9961	0	-9.81
-0.22769	1.9299	2.2159	-1.1916	0.98629	0	-9.81
-0.22888	1.9309	2.2252	-1.1916	0.97648	0	-9.81
-0.23007	1.9319	2.2345	-1.1916	0.96667	0	-9.81
-0.23126	1.9329	2.2438	-1.1916	0.95686	0	-9.81
-0.23246	1.9338	2.2531	-1.1916	0.94705	0	-9.81
-0.23365	1.9348	2.2624	-1.1916	0.93724	0	-9.81
-0.23484	1.9357	2.2716	-1.1916	0.92743	0	-9.81
-0.23603	1.9366	2.2809	-1.1916	0.91762	0	-9.81
-0.23722	1.9375	2.2902	-1.1916	0.90781	0	-9.81
-0.23841	1.9384	2.2995	-1.1916	0.898	0	-9.81
-0.23961	1.9393	2.3088	-1.1916	0.88819	0	-9.81
-0.2408	1.9402	2.3181	-1.1916	0.87838	0	-9.81
-0.24199	1.9411	2.3274	-1.1916	0.86857	0	-9.81
-0.24318	1.9419	2.3367	-1.1916	0.85876	0	-9.81
-0.24437	1.9428	2.346	-1.1916	0.84895	0	-9.81
-0.24556	1.9436	2.3553	-1.1916	0.83914	0	-9.81
-0.24675	1.9445	2.3646	-1.1916	0.82933	0	-9.81
-0.24795	1.9453	2.3739	-1.1916	0.81952	0	-9.81
-0.24914	1.9461	2.3832	-1.1916	0.80971	0	-9.81
-0.25033	1.9469	2.3925	-1.1916	0.7999	0	-9.81
-0.25152	1.9477	2.4018	-1.1916	0.79009	0	-9.81
-0.25271	1.9485	2.4111	-1.1916	0.78028	0	-9.81
-0.2539	1.9493	2.4204	-1.1916	0.77047	0	-9.81
-0.2551	1.95	2.4296	-1.1916	0.76066	0	-9.81
-0.25629	1.9508	2.4389	-1.1916	0.75085	0	-9.81
-0.25748	1.9515	2.4482	-1.1916	0.74104	0	-9.81
-0.25867	1.9523	2.4575	-1.1916	0.73123	0	-9.81
-0.25986	1.953	2.4668	-1.1916	0.72142	0	-9.81
-0.26105	1.9537	2.4761	-1.1916	0.71161	0	-9.81
-0.26224	1.9544	2.4854	-1.1916	0.7018	0	-9.81
-0.26344	1.9551	2.4947	-1.1916	0.69199	0	-9.81
-0.26463	1.9558	2.504	-1.1916	0.68218	0	-9.81
-0.26582	1.9565	2.5133	-1.1916	0.67237	0	-9.81
-0.26701	1.9572	2.5226	-1.1916	0.66256	0	-9.81
-0.2682	1.9578	2.5319	-1.1916	0.65275	0	-9.81
-0.26939	1.9585	2.5412	-1.1916	0.64294	0	-9.81
-0.27059	1.9591	2.5505	-1.1916	0.63313	0	-9.81
-0.27178	1.9597	2.5598	-1.1916	0.62332	0	-9.81
-0.27297	1.9603	2.5691	-1.1916	0.61351	0	-9.81
-0.27416	1.961	2.5784	-1.1916	0.6037	0	-9.81
-0.27535	1.9616	2.5876	-1.1916	0.59389	0	-9.81
-0.27654	1.9621	2.5969	-1.1916	0.58408	0	-9.81
-0.27774	1.9627	2.6062	-1.1916	0.57427	0	-9.81
-0.27893	1.9633	2.6155	-1.1916	0.56446	0	-9.81
-0.28012	1.9638	2.6248	-1.1916	0.55465	0	-9.81
-0.28131	1.9644	2.6341	-1.1916	0.54484	0	-9.81
-0.2825	1.9649	2.6434	-1.1916	0.53503	0	-9.81
-0.28369	1.9655	2.6527	-1.1916	0.52522	0	-9.81
-0.28488	1.966	2.662	-1.1916	0.51541	0	-9.81
-0.28608	1.9665	2.6713	-1.1916	0.5056	0	-9.81
-0.28727	1.967	2.6806	-1.1916	0.49579	0	-9.81
-0.28846	1.9675	2.6899	-1.1916	0.48598	0	-9.81
-0.28965	1.968	2.6992	-1.1916	0.47617	0	-9.81
-0.29084	1.9684	2.7085	-1.1916	0.46636	0	-9.81
-0.29203	1.9689	2.7178	-1.1916	0.45655	0	-9.81
-0.29323	1.9694	2.7271	-1.1916	0.44674	0	-9.81
-0.29442	1.9698	2.7364	-1.1916	0.43693	0	-9.81
-0.29561	1.9702	2.7456	-1.1916	0.42712	0	-9.81
-0.2968	1.9707	2.7549	-1.1916	0.41731	0	-9.81
-0.29799	1.9711	2.7642	-1.1916	0.4075	0	-9.81
-0.29918	1.9715	2.7735	-1.1916	0.39769	0	-9.81
-0.30037	1.9719	2.7828	-1.1916	0.38788	0	-9.81
-0.30157	1.9722	2.7921	-1.1916	0.37807	0	-9.81
-0.30276	1.9726	2.8014	-1.1916	0.36826	0	-9.81
-0.30395	1.973	2.8107	-1.1916	0.35845	0	-9.81
-0.30514	1.9733	2.82	-1.1916	0.34864	0	-9.81
-0.30633	1.9737	2.8293	-1.1916	0.33883	0	-9.81
-0.30752	1.974	2.8386	-1.1916	0.32902	0	-9.81
-0.30872	1.9743	2.8479	-1.1916	0.31921	0	-9.81
-0.30991	1.9746	2.8572	-1.1916	0.3094	0	-9.81
-0.3111	1.975	2.8665	-1.1916	0.29959	0	-9.81
-0.31229	1.9752	2.8758	-1.1916	0.28978	0	-9.81
-0.31348	1.9755	2.8851	-1.1916	0.27997	0	-9.81
-0.31467	1.9758	2.8944	-1.1916	0.27016	0	-9.81
-0.31586	1.9761	2.9036	-1.1916	0.26035	0	-9.81
-0.31706	1.9763	2.9129	-1.1916	0.25054	0	-9.81
-0.31825	1.9766	2.9222	-1.1916	0.24073	0	-9.81
-0.31944	1.9768	2.9315	-1.1916	0.23092	0	-9.81
-0.32063	1.977	2.9408	-1.1916	0.22111	0	-9.81
-0.32182	1.9773	2.9501	-1.1916	0.2113	0	-9.81
-0.32301	1.9775	2.9594	-1.1916	0.20149	0	-9.81
-0.32421	1.9777	2.9687	-1.1916	0.19168	0	-9.81
-0.3254	1.9778	2.978	-1.1916	0.18187	0	-9.81
-0.32659	1.978	2.9873	-1.1916	0.17206	0	-9.81
-0.32778	1.9782	2.9966	-1.1916	0.16225	0	-9.81
-0.32897	1.9783	3.0059	-1.1916	0.15244	0	-9.81
-0.33016	1.9785	3.0152	-1.1916	0.14263	0	-9.81
-0.33136	1.9786	3.0245	-1.1916	0.13282	0	-9.81
-0.33255	1.9788	3.0338	-1.1916	0.12301	0	-9.81
-0.33374	1.9789	3.0431	-1.1916	0.1132	0	-9.81
-0.33493	1.979	3.0524	-1.1916	0.10339	0	-9.81
-0.33612	1.9791	3.0616	-1.1916	0.093579	0	-9.81
-0.33731	1.9792	3.0709	-1.1916	0.083769	0	-9.81
-0.3385	1.9792	3.0802	-1.1916	0.073959	0	-9.81
-0.3397	1.9793	3.0895	-1.1916	0.064149	0	-9.81
-0.34089	1.9794	3.0988	-1.1916	0.054339	0	-9.81
-0.34208	1.9794	3.1081	-1.1916	0.044529	0	-9.81
-0.34327	1.9795	3.1174	-1.1916	0.034719	0	-9.81
-0.34446	1.9795	3.1267	-1.1916	0.024909	0	-9.81
-0.34565	1.9795	3.136	-1.1916	0.015099	0	-9.81
-0.34685	1.9795	3.1453	-1.1916	0.0052894	0	-9.81
-0.34804	1.9795	3.1546	-1.1916	-0.0045206	0	-9.81
-0.34923	1.9795	3.1639	-1.1916	-0.014331	0	-9.81
-0.35042	1.9795	3.1732	-1.1916	-0.024141	0	-9.81
-0.35161	1.9795	3.1825	-1.1916	-0.033951	0	-9.81
-0.3528	1.9794	3.1918	-1.1916	-0.043761	0	-9.81
-0.35399	1.9794	3.2011	-1.1916	-0.053571	0	-9.81
-0.35519	1.9793	3.2104	-1.1916	-0.063381	0	-9.81
-0.35638	1.9793	3.2196	-1.1916	-0.073191	0	-9.81
-0.35757	1.9792	3.2289	-1.1916	-0.083001	0	-9.81
-0.35876	1.9791	3.2382	-1.1916	-0.092811	0	-9.81
-0.35995	1.979	3.2475	-1.1916	-0.10262	0	-9.81
-0.36114	1.9789	3.2568	-1.1916	-0.11243	0	-9.81
-0.36234	1.9788	3.2661	-1.1916	-0.12224	0	-9.81
-0.36353	1.9786	3.2754	-1.1916	-0.13205	0	-9.81
-0.36472	1.9785	3.2847	-1.1916	-0.14186	0	-9.81
-0.36591	1.9784	3.294	-1.1916	-0.15167	0	-9.81
-0.3671	1.9782	3.3033	-1.1916	-0.16148	0	-9.81
-0.36829	1.978	3.3126	-1.1916	-0.17129	0	-9.81
-0.36948	1.9779	3.3219	-1.1916	-0.1811	0	-9.81
-0.37068	1.9777	3.3312	-1.1916	-0.19091	0	-9.81
-0.37187	1.9775	3.3405	-1.1916	-0.20072	0	-9.81
-0.37306	1.9773	3.3498	-1.1916	-0.21053	0	-9.81
-0.37425	1.9771	3.3591	-1.1916	-0.22034	0	-9.81
-0.37544	1.9768	3.3684	-1.1916	-0.23015	0	-9.81
-0.37663	1.9766	3.3776	-1.1916	-0.23996	0	-9.81
-0.37783	1.9763	3.3869	-1.1916	-0.24977	0	-9.81
-0.37902	1.9761	3.3962	-1.1916	-0.25958	0	-9.81
-0.38021	1.9758	3.4055	-1.1916	-0.26939	0	-9.81
-0.3814	1.9756	3.4148	-1.1916	-0.2792	0	-9.81
-0.38259	1.9753	3.4241	-1.1916	-0.28901	0	-9.81
-0.38378	1.975	3.4334	-1.1916	-0.29882	0	-9.81
-0.38498	1.9747	3.4427	-1.1916	-0.30863	0	-9.81
-0.38617	1.9744	3.452	-1.1916	-0.31844	0	-9.81
-0.38736	1.974	3.4613	-1.1916	-0.32825	0	-9.81
-0.38855	1.9737	3.4706	-1.1916	-0.33806	0	-9.81
-0.38974	1.9734	3.4799	-1.1916	-0.34787	0	-9.81
-0.39093	1.973	3.4892	-1.1916	-0.35768	0	-9.81
-0.39212	1.9726	3.4985	-1.1916	-0.36749	0	-9.81
-0.39332	1.9723	3.5078	-1.1916	-0.3773	0	-9.81
-0.39451	1.9719	3.5171	-1.1916	-0.38711	0	-9.81
-0.3957	1.9715	3.5264	-1.1916	-0.39692	0	-9.81
-0.39689	1.9711	3.5356	-1.1916	-0.40673	0	-9.81
-0.39808	1.9707	3.5449	-1.1916	-0.41654	0	-9.81
-0.39927	1.9703	3.5542	-1.1916	-0.42635	0	-9.81
-0.40047	1.9698	3.5635	-1.1916	-0.43616	0	-9.81
-0.40166	1.9694	3.5728	-1.1916	-0.44597	0	-9.81
-0.40285	1.9689	3.5821	-1.1916	-0.45578	0	-9.81
-0.40404	1.9685	3.5914	-1.1916	-0.46559	0	-9.81
-0.40523	1.968	3.6007	-1.1916	-0.4754	0	-9.81
-0.40642	1.9675	3.61	-1.1916	-0.48521	0	-9.81
-0.40761	1.967	3.6193	-1.1916	-0.49502	0	-9.81
-0.40881	1.9665	3.6286	-1.1916	-0.50483	0	-9.81
-0.41	1.966	3.6379	-1.1916	-0.51464	0	-9.81
-0.41119	1.9655	3.6472	-1.1916	-0.52445	0	-9.81
-0.41238	1.965	3.6565	-1.1916	-0.53426	0	-9.81
-0.41357	1.9644	3.6658	-1.1916	-0.54407	0	-9.81
-0.41476	1.9639	3.6751	-1.1916	-0.55388	0	-9.81
-0.41596	1.9633	3.6844	-1.1916	-0.56369	0	-9.81
-0.41715	1.9628	3.6936	-1.1916	-0.5735	0	-9.81
-0.41834	1.9622	3.7029	-1.1916	-0.58331	0	-9.81
-0.41953	1.9616	3.7122	-1.1916	-0.59312	0	-9.81
-0.42072	1.961	3.7215	-1.1916	-0.60293	0	-9.81
-0.42191	1.9604	3.7308	-1.1916	-0.61274	0	-9.81
-0.4231	1.9598	3.7401	-1.1916	-0.62255	0	-9.81
-0.4243	1.9591	3.7494	-1.1916	-0.63236	0	-9.81
-0.42549	1.9585	3.7587	-1.1916	-0.64217	0	-9.81
-0.42668	1.9579	3.768	-1.1916	-0.65198	0	-9.81
-0.42787	1.9572	3.7773	-1.1916	-0.66179	0	-9.81
-0.42906	1.9565	3.7866	-1.1916	-0.6716	0	-9.81
-0.43025	1.9559	3.7959	-1.1916	-0.68141	0	-9.81
-0.43145	1.9552	3.8052	-1.1916	-0.69122	0	-9.81
-0.43264	1.9545	3.8145	-1.1916	-0.70103	0	-9.81
-0.43383	1.9538	3.8238	-1.1916	-0.71084	0	-9.81
-0.43502	1.9531	3.8331	-1.1916	-0.72065	0	-9.81
-0.43621	1.9523	3.8424	-1.1916	-0.73046	0	-9.81
-0.4374	1.9516	3.8516	-1.1916	-0.74027	0	-9.81
-0.4386	1.9509	3.8609	-1.1916	-0.75008	0	-9.81
-0.43979	1.9501	3.8702	-1.1916	-0.75989	0	-9.81
-0.44098	1.9493	3.8795	-1.1916	-0.7697	0	-9.81
-0.44217	1.9486	3.8888	-1.1916	-0.77951	0	-9.81
-0.44336	1.9478	3.8981	-1.1916	-0.78932	0	-9.81
-0.44455	1.947	3.9074	-1.1916	-0.79913	0	-9.81
-0.44574	1.9462	3.9167	-1.1916	-0.80894	0	-9.81
-0.44694	1.9454	3.926	-1.1916	-0.81875	0	-9.81
-0.44813	1.9445	3.9353	-1.1916	-0.82856	0	-9.81
-0.44932	1.9437	3.9446	-1.1916	-0.83837	0	-9.81
-0.45051	1.9429	3.9539	-1.1916	-0.84818	0	-9.81
-0.4517	1.942	3.9632	-1.1916	-0.85799	0	-9.81
-0.45289	1.9411	3.9725	-1.1916	-0.8678	0	-9.81
-0.45409	1.9403	3.9818	-1.1916	-0.87761	0	-9.81
-0.45528	1.9394	3.9911	-1.1916	-0.88742	0	-9.81
-0.45647	1.9385	4.0004	-1.1916	-0.89723	0	-9.81
-0.45766	1.9376	4.0096	-1.1916	-0.90704	0	-9.81
-0.45885	1.9367	4.0189	-1.1916	-0.91685	0	-9.81
-0.46004	1.9358	4.0282	-1.1916	-0.92666	0	-9.81
-0.46123	1.9348	4.0375	-1.1916	-0.93647	0	-9.81
-0.46243	1.9339	4.0468	-1.1916	-0.94628	0	-9.81
-0.46362	1.9329	4.0561	-1.1916	-0.95609	0	-9.81
-0.46481	1.932	4.0654	-1.1916	-0.9659	0	-9.81
-0.466	1.931	4.0747	-1.1916	-0.97571	0	-9.81
-0.46719	1.93	4.084	-1.1916	-0.98552	0	-9.81
-0.46838	1.929	4.0933	-1.1916	-0.99533	0	-9.81
-0.46958	1.928	4.1026	-1.1916	-1.0051	0	-9.81
-0.47077	1.927	4.1119	-1.1916	-1.015	0	-9.81
-0.47196	1.926	4.1212	-1.1916	-1.0248	0	-9.81
-0.47315	1.925	4.1305	-1.1916	-1.0346	0	-9.81
-0.47434	1.9239	4.1398	-1.1916	-1.0444	0	-9.81
-0.47553	1.9229	4.1491	-1.1916	-1.0542	0	-9.81
-0.47673	1.9218	4.1584	-1.1916	-1.064	0	-9.81
-0.47792	1.9208	4.1676	-1.1916	-1.0738	0	-9.81
-0.47911	1.9197	4.1769	-1.1916	-1.0836	0	-9.81
-0.4803	1.9186	4.1862	-1.1916	-1.0934	0	-9.81
-0.48149	1.9175	4.1955	-1.1916	-1.1032	0	-9.81
-0.48268	1.9164	4.2048	-1.1916	-1.1131	0	-9.81
-0.48387	1.9153	4.2141	-1.1916	-1.1229	0	-9.81
-0.48507	1.9141	4.2234	-1.1916	-1.1327	0	-9.81
-0.48626	1.913	4.2327	-1.1916	-1.1425	0	-9.81
-0.48745	1.9119	4.242	-1.1916	-1.1523	0	-9.81
-0.48864	1.9107	4.2513	-1.1916	-1.1621	0	-9.81
-0.48983	1.9095	4.2606	-1.1916	-1.1719	0	-9.81
-0.49102	1.9084	4.2699	-1.1916	-1.1817	0	-9.81
-0.49222	1.9072	4.2792	-1.1916	-1.1915	0	-9.81
-0.49341	1.906	4.2885	-1.1916	-1.2013	0	-9.81
-0.4946	1.9048	4.2978	-1.1916	-1.2112	0	-9.81
-0.49579	1.9035	4.3071	-1.1916	-1.221	0	-9.81
-0.49698	1.9023	4.3164	-1.1916	-1.2308	0	-9.81
-0.49817	1.9011	4.3256	-1.1916	-1.2406	0	-9.81
-0.49936	1.8998	4.3349	-1.1916	-1.2504	0	-9.81
-0.50056	1.8986	4.3442	-1.1916	-1.2602	0	-9.81
-0.50175	1.8973	4.3535	-1.1916	-1.27	0	-9.81
-0.50294	1.896	4.3628	-1.1916	-1.2798	0	-9.81
-0.50413	1.8948	4.3721	-1.1916	-1.2896	0	-9.81
-0.50532	1.8935	4.3814	-1.1916	-1.2994	0	-9.81
-0.50651	1.8922	4.3907	-1.1916	-1.3093	0	-9.81
-0.50771	1.8908	4.4	-1.1916	-1.3191	0	-9.81
-0.5089	1.8895	4.4093	-1.1916	-1.3289	0	-9.81
-0.51009	1.8882	4.4186	-1.1916	-1.3387	0	-9.81
-0.51128	1.8868	4.4279	-1.1916	-1.3485	0	-9.81
-0.51247	1.8855	4.4372	-1.1916	-1.3583	0	-9.81
-0.51366	1.8841	4.4465	-1.1916	-1.3681	0	-9.81
-0.51485	1.8828	4.4558	-1.1916	-1.3779	0	-9.81
-0.51605	1.8814	4.4651	-1.1916	-1.3877	0	-9.81
-0.51724	1.88	4.4744	-1.1916	-1.3975	0	-9.81
-0.51843	1.8786	4.4836	-1.1916	-1.4074	0	-9.81
-0.51962	1.8772	4.4929	-1.1916	-1.4172	0	-9.81
-0.52081	1.8757	4.5022	-1.1916	-1.427	0	-9.81
-0.522	1.8743	4.5115	-1.1916	-1.4368	0	-9.81
-0.5232	1.8729	4.5208	-1.1916	-1.4466	0	-9.81
-0.52439	1.8714	4.5301	-1.1916	-1.4564	0	-9.81
-0.52558	1.87	4.5394	-1.1916	-1.4662	0	-9.81
-0.52677	1.8685	4.5487	-1.1916	-1.476	0	-9.81
-0.52796	1.867	4.558	-1.1916	-1.4858	0	-9.81
-0.52915	1.8655	4.5673	-1.1916	-1.4956	0	-9.81
-0.53035	1.864	4.5766	-1.1916	-1.5055	0	-9.81
-0.53154	1.8625	4.5859	-1.1916	-1.5153	0	-9.81
-0.53273	1.861	4.5952	-1.1916	-1.5251	0	-9.81
-0.53392	1.8595	4.6045	-1.1916	-1.5349	0	-9.81
-0.53511	1.8579	4.6138	-1.1916	-1.5447	0	-9.81
-0.5363	1.8564	4.6231	-1.1916	-1.5545	0	-9.81
-0.53749	1.8548	4.6324	-1.1916	-1.5643	0	-9.81
-0.53869	1.8532	4.6416	-1.1916	-1.5741	0	-9.81
-0.53988	1.8517	4.6509	-1.1916	-1.5839	0	-9.81
-0.54107	1.8501	4.6602	-1.1916	-1.5937	0	-9.81
-0.54226	1.8485	4.6695	-1.1916	-1.6036	0	-9.81
-0.54345	1.8469	4.6788	-1.1916	-1.6134	0	-9.81
-0.54464	1.8452	4.6881	-1.1916	-1.6232	0	-9.81
-0.54584	1.8436	4.6974	-1.1916	-1.633	0	-9.81
-0.54703	1.842	4.7067	-1.1916	-1.6428	0	-9.81
-0.54822	1.8403	4.716	-1.1916	-1.6526	0	-9.81
-0.54941	1.8387	4.7253	-1.1916	-1.6624	0	-9.81
-0.5506	1.837	4.7346	-1.1916	-1.6722	0	-9.81
-0.55179	1.8353	4.7439	-1.1916	-1.682	0	-9.81
-0.55298	1.8332	4.7557	-1.1916	-1.7122	0.0007806	-9.81
-0.55418	1.8314	4.765	-1.1916	-1.722	0.0050952	-9.8097
-0.55537	1.8297	4.7743	-1.1915	-1.7318	0.014481	-9.8091
-0.55656	1.828	4.7836	-1.1915	-1.7417	0.029568	-9.8079
-0.55775	1.8262	4.7929	-1.1915	-1.7515	0.050605	-9.8059
-0.55894	1.8245	4.8022	-1.1914	-1.7613	0.077655	-9.803
-0.56013	1.8227	4.8115	-1.1913	-1.7711	0.11068	-9.799
-0.56132	1.8209	4.8208	-1.1911	-1.7809	0.1496	-9.7937
-0.56252	1.8191	4.8301	-1.1909	-1.7907	0.19428	-9.787
-0.56371	1.8173	4.8394	-1.1907	-1.8004	0.24458	-9.7788
-0.5649	1.8155	4.8487	-1.1904	-1.8102	0.30035	-9.7688
-0.56609	1.8137	4.858	-1.19	-1.82	0.36141	-9.757
-0.56728	1.8119	4.8673	-1.1896	-1.8297	0.4276	-9.7432
-0.56847	1.8101	4.8766	-1.1891	-1.8395	0.49873	-9.7274
-0.56965	1.8082	4.8858	-1.1885	-1.8492	0.57464	-9.7093
-0.57084	1.8064	4.8951	-1.1879	-1.8589	0.65515	-9.6889
-0.57203	1.8045	4.9044	-1.1871	-1.8686	0.74007	-9.6661
-0.57321	1.8026	4.9137	-1.1863	-1.8782	0.82922	-9.6408
-0.5744	1.8007	4.923	-1.1854	-1.8878	0.92242	-9.6128
-0.57558	1.7989	4.9323	-1.1844	-1.8974	1.0195	-9.5821
-0.57677	1.797	4.9416	-1.1832	-1.907	1.1203	-9.5486
-0.57795	1.795	4.9509	-1.182	-1.9165	1.2246	-9.5123
-0.57913	1.7931	4.9602	-1.1807	-1.926	1.3322	-9.473
-0.58031	1.7912	4.9695	-1.1792	-1.9355	1.443	-9.4307
-0.58149	1.7893	4.9787	-1.1777	-1.9449	1.5568	-9.3852
-0.58266	1.7873	4.988	-1.176	-1.9542	1.6735	-9.3367
-0.58384	1.7853	4.9973	-1.1742	-1.9636	1.7927	-9.2849
-0.58501	1.7834	5.0066	-1.1723	-1.9728	1.9145	-9.2299
-0.58618	1.7814	5.0159	-1.1703	-1.982	2.0386	-9.1716
-0.58735	1.7794	5.0251	-1.1681	-1.9912	2.1649	-9.11
-0.58851	1.7774	5.0344	-1.1658	-2.0002	2.2931	-9.045
-0.58968	1.7754	5.0437	-1.1634	-2.0092	2.4232	-8.9765
-0.59084	1.7734	5.0529	-1.1608	-2.0182	2.5549	-8.9046
-0.592	1.7714	5.0622	-1.1581	-2.0271	2.6882	-8.8293
-0.59315	1.7693	5.0715	-1.1553	-2.0358	2.8229	-8.7505
-0.5943	1.7673	5.0807	-1.1523	-2.0446	2.9587	-8.6681
-0.59545	1.7653	5.09	-1.1493	-2.0532	3.0957	-8.5822
-0.5966	1.7632	5.0992	-1.146	-2.0617	3.2335	-8.4928
-0.59774	1.7611	5.1085	-1.1426	-2.0702	3.3722	-8.3999
-0.59888	1.7591	5.1177	-1.1391	-2.0785	3.5115	-8.3034
-0.60002	1.757	5.1269	-1.1355	-2.0868	3.6513	-8.2033
-0.60115	1.7549	5.1361	-1.1317	-2.0949	3.7914	-8.0998
-0.60228	1.7528	5.1454	-1.1278	-2.103	3.9318	-7.9926
-0.6034	1.7507	5.1546	-1.1237	-2.1109	4.0722	-7.882
-0.60452	1.7486	5.1638	-1.1195	-2.1187	4.2127	-7.7678
-0.60563	1.7464	5.173	-1.1151	-2.1264	4.353	-7.6501
-0.60674	1.7443	5.1822	-1.1106	-2.134	4.493	-7.529
-0.60785	1.7422	5.1913	-1.106	-2.1415	4.6326	-7.4044
-0.60895	1.74	5.2005	-1.1012	-2.1488	4.7716	-7.2763
-0.61005	1.7379	5.2097	-1.0963	-2.156	4.9101	-7.1448
-0.61114	1.7357	5.2188	-1.0913	-2.1631	5.0478	-7.01
-0.61223	1.7335	5.228	-1.0861	-2.1701	5.1846	-6.8718
-0.61331	1.7314	5.2371	-1.0808	-2.1769	5.3205	-6.7302
-0.61438	1.7292	5.2462	-1.0753	-2.1835	5.4553	-6.5854
-0.61545	1.727	5.2553	-1.0697	-2.19	5.5889	-6.4373
-0.61652	1.7248	5.2644	-1.064	-2.1964	5.7212	-6.286
-0.61757	1.7226	5.2735	-1.0581	-2.2026	5.8522	-6.1316
-0.61863	1.7204	5.2826	-1.0522	-2.2087	5.9817	-5.974
-0.61967	1.7182	5.2917	-1.0461	-2.2146	6.1097	-5.8134
-0.62071	1.716	5.3007	-1.0398	-2.2203	6.236	-5.6497
-0.62175	1.7138	5.3097	-1.0335	-2.2259	6.3606	-5.4831
-0.62277	1.7115	5.3188	-1.027	-2.2313	6.4834	-5.3135
-0.62379	1.7093	5.3278	-1.0204	-2.2365	6.6042	-5.1411
-0.62481	1.7071	5.3368	-1.0136	-2.2415	6.7231	-4.9659
-0.62581	1.7048	5.3457	-1.0068	-2.2464	6.84	-4.7879
-0.62681	1.7026	5.3547	-0.99985	-2.2511	6.9547	-4.6072
-0.62781	1.7003	5.3636	-0.99278	-2.2556	7.0673	-4.4239
-0.62879	1.6981	5.3725	-0.98561	-2.26	7.1776	-4.2379
-0.62977	1.6958	5.3814	-0.97832	-2.2641	7.2855	-4.0495
-0.63074	1.6935	5.3903	-0.97093	-2.2681	7.3911	-3.8587
-0.6317	1.6913	5.3991	-0.96344	-2.2718	7.4943	-3.6654
-0.63266	1.689	5.408	-0.95584	-2.2754	7.595	-3.4699
-0.63361	1.6867	5.4168	-0.94815	-2.2788	7.6931	-3.2721
-0.63455	1.6844	5.4256	-0.94036	-2.2819	7.7886	-3.0721
-0.63548	1.6821	5.4344	-0.93248	-2.2849	7.8814	-2.87
-0.63641	1.6799	5.4431	-0.92451	-2.2877	7.9716	-2.6658
-0.63732	1.6776	5.4518	-0.91645	-2.2902	8.059	-2.4598
-0.63823	1.6753	5.4605	-0.9083	-2.2926	8.1437	-2.2518
-0.63913	1.673	5.4692	-0.90008	-2.2947	8.2255	-2.042
-0.64002	1.6707	5.4778	-0.89177	-2.2967	8.3045	-1.8304
-0.64091	1.6684	5.4865	-0.88339	-2.2984	8.3805	-1.6172
-0.64178	1.6661	5.4951	-0.87494	-2.2999	8.4537	-1.4024
-0.64265	1.6638	5.5036	-0.86642	-2.3012	8.524	-1.1861
-0.6435	1.6615	5.5122	-0.85782	-2.3023	8.5912	-0.96833
-0.64435	1.6592	5.5207	-0.84917	-2.3031	8.6555	-0.74921
-0.64519	1.6569	5.5291	-0.84045	-2.3038	8.7167	-0.5288
-0.64603	1.6546	5.5376	-0.83168	-2.3042	8.775	-0.30719
-0.64685	1.6523	5.546	-0.82285	-2.3044	8.8301	-0.08446
-0.64766	1.65	5.5544	-0.81396	-2.3044	8.8823	0.13932
-0.64847	1.6477	5.5627	-0.80503	-2.3041	8.9313	0.36407
-0.64926	1.6454	5.5711	-0.79606	-2.3036	8.9772	0.5897
-0.65005	1.6431	5.5794	-0.78704	-2.3029	9.0201	0.81615
-0.65083	1.6407	5.5876	-0.77798	-2.302	9.0599	1.0433
-0.6516	1.6384	5.5958	-0.76888	-2.3008	9.0966	1.2711
-0.65236	1.6361	5.604	-0.75975	-2.2995	9.1302	1.4995
-0.65311	1.6338	5.6122	-0.75059	-2.2978	9.1606	1.7284
-0.65385	1.6316	5.6203	-0.7414	-2.296	9.188	1.9577
-0.65458	1.6293	5.6283	-0.73219	-2.2939	9.2124	2.1873
-0.6553	1.627	5.6364	-0.72295	-2.2916	9.2336	2.4171
-0.65602	1.6247	5.6444	-0.7137	-2.2891	9.2518	2.6471
-0.65672	1.6224	5.6523	-0.70444	-2.2863	9.2669	2.8773
-0.65742	1.6201	5.6603	-0.69516	-2.2833	9.279	3.1074
-0.6581	1.6178	5.6681	-0.68587	-2.2801	9.288	3.3374
-0.65878	1.6155	5.676	-0.67657	-2.2767	9.2941	3.5673
-0.65945	1.6133	5.6838	-0.66728	-2.273	9.2971	3.7969
-0.66011	1.611	5.6915	-0.65798	-2.2691	9.2972	4.0263
-0.66075	1.6087	5.6993	-0.64869	-2.2649	9.2944	4.2553
-0.66139	1.6065	5.7069	-0.6394	-2.2606	9.2886	4.4837
-0.66202	1.6042	5.7146	-0.63012	-2.256	9.28	4.7117
-0.66264	1.602	5.7221	-0.62085	-2.2511	9.2685	4.939
-0.66326	1.5997	5.7297	-0.61159	-2.2461	9.2541	5.1657
-0.66386	1.5975	5.7372	-0.60236	-2.2408	9.237	5.3915
-0.66445	1.5952	5.7446	-0.59314	-2.2353	9.217	5.6166
-0.66504	1.593	5.752	-0.58395	-2.2296	9.1944	5.8407
-0.66561	1.5908	5.7594	-0.57478	-2.2236	9.1691	6.0638
-0.66618	1.5885	5.7667	-0.56564	-2.2174	9.1411	6.2858
-0.66673	1.5863	5.774	-0.55653	-2.211	9.1104	6.5067
-0.66728	1.5841	5.7812	-0.54745	-2.2044	9.0772	6.7264
-0.66782	1.5819	5.7883	-0.53841	-2.1976	9.0415	6.9448
-0.66835	1.5797	5.7954	-0.5294	-2.1905	9.0032	7.1618
-0.66887	1.5775	5.8025	-0.52044	-2.1833	8.9625	7.3774
-0.66938	1.5754	5.8095	-0.51152	-2.1758	8.9194	7.5915
-0.66988	1.5732	5.8165	-0.50265	-2.1681	8.874	7.8041
-0.67038	1.571	5.8234	-0.49382	-2.1602	8.8262	8.015
-0.67086	1.5689	5.8303	-0.48505	-2.1521	8.7762	8.2242
-0.67134	1.5667	5.8371	-0.47632	-2.1437	8.7239	8.4317
-0.67181	1.5646	5.8439	-0.46765	-2.1352	8.6695	8.6373
-0.67226	1.5624	5.8506	-0.45904	-2.1265	8.6129	8.8411
-0.67271	1.5603	5.8572	-0.45049	-2.1175	8.5543	9.0428
-0.67316	1.5582	5.8638	-0.44199	-2.1084	8.4937	9.2426
-0.67359	1.5561	5.8704	-0.43356	-2.099	8.4312	9.4403
-0.67402	1.554	5.8769	-0.42519	-2.0895	8.3667	9.6359
-0.67443	1.5519	5.8833	-0.41689	-2.0798	8.3003	9.8292
-0.67484	1.5499	5.8897	-0.40866	-2.0698	8.2322	10.02
-0.67524	1.5478	5.896	-0.4005	-2.0597	8.1624	10.209
-0.67563	1.5457	5.9023	-0.39241	-2.0494	8.0908	10.396
-0.67602	1.5437	5.9085	-0.38439	-2.0389	8.0177	10.58
-0.67639	1.5417	5.9147	-0.37645	-2.0283	7.9429	10.761
-0.67676	1.5396	5.9208	-0.36858	-2.0174	7.8667	10.94
-0.67712	1.5376	5.9269	-0.36079	-2.0064	7.789	11.117
-0.67748	1.5356	5.9329	-0.35308	-1.9952	7.7099	11.29
-0.67782	1.5336	5.9388	-0.34545	-1.9838	7.6295	11.461
-0.67816	1.5317	5.9447	-0.3379	-1.9723	7.5478	11.63
-0.67849	1.5297	5.9505	-0.33044	-1.9605	7.4649	11.795
-0.67881	1.5277	5.9563	-0.32306	-1.9487	7.3808	11.958
-0.67913	1.5258	5.962	-0.31576	-1.9366	7.2956	12.118
-0.67944	1.5239	5.9677	-0.30855	-1.9244	7.2094	12.275
-0.67974	1.5219	5.9733	-0.30143	-1.9121	7.1222	12.429
-0.68003	1.52	5.9788	-0.2944	-1.8996	7.034	12.58
-0.68032	1.5181	5.9843	-0.28745	-1.8869	6.945	12.728
-0.6806	1.5163	5.9897	-0.2806	-1.8741	6.8552	12.873
-0.68088	1.5144	5.9951	-0.27383	-1.8612	6.7647	13.015
-0.68114	1.5125	6.0004	-0.26716	-1.8481	6.6734	13.154
-0.6814	1.5107	6.0056	-0.26058	-1.8349	6.5816	13.29
-0.68166	1.5089	6.0108	-0.25409	-1.8215	6.4891	13.422
-0.68191	1.5071	6.0159	-0.24769	-1.808	6.3961	13.551
-0.68215	1.5053	6.021	-0.24139	-1.7944	6.3027	13.677
-0.68238	1.5035	6.026	-0.23518	-1.7807	6.2089	13.799
-0.68261	1.5017	6.031	-0.22907	-1.7668	6.1147	13.919
-0.68283	1.4999	6.0359	-0.22305	-1.7528	6.0202	14.034
-0.68305	1.4982	6.0407	-0.21712	-1.7387	5.9254	14.147
-0.68326	1.4965	6.0455	-0.21129	-1.7245	5.8305	14.256
-0.68347	1.4947	6.0502	-0.20555	-1.7102	5.7354	14.362
-0.68367	1.493	6.0549	-0.19991	-1.6958	5.6403	14.464
-0.68386	1.4913	6.0595	-0.19437	-1.6813	5.5451	14.563
-0.68405	1.4897	6.064	-0.18892	-1.6667	5.45	14.658
-0.68424	1.488	6.0685	-0.18356	-1.652	5.3549	14.75
-0.68441	1.4864	6.0729	-0.1783	-1.6372	5.2599	14.838
-0.68459	1.4847	6.0773	-0.17314	-1.6223	5.1651	14.922
-0.68475	1.4831	6.0816	-0.16807	-1.6074	5.0705	15.004
-0.68492	1.4815	6.0859	-0.16309	-1.5923	4.9761	15.081
-0.68508	1.4799	6.0901	-0.15821	-1.5772	4.8821	15.155
-0.68523	1.4784	6.0942	-0.15342	-1.562	4.7884	15.226
-0.68538	1.4768	6.0983	-0.14873	-1.5467	4.6951	15.292
-0.68552	1.4753	6.1023	-0.14413	-1.5314	4.6022	15.356
-0.68566	1.4738	6.1063	-0.13962	-1.516	4.5098	15.415
-0.6858	1.4722	6.1102	-0.1352	-1.5006	4.4179	15.471
-0.68593	1.4708	6.114	-0.13087	-1.4851	4.3266	15.524
-0.68605	1.4693	6.1178	-0.12663	-1.4695	4.2358	15.572
-0.68618	1.4678	6.1216	-0.12249	-1.454	4.1457	15.617
-0.6863	1.4664	6.1252	-0.11843	-1.4383	4.0563	15.659
-0.68641	1.4649	6.1289	-0.11447	-1.4226	3.9676	15.697
-0.68652	1.4635	6.1324	-0.11059	-1.4069	3.8796	15.731
-0.68663	1.4621	6.136	-0.10679	-1.3912	3.7923	15.762
-0.68673	1.4607	6.1394	-0.10309	-1.3754	3.7059	15.789
-0.68683	1.4594	6.1428	-0.099467	-1.3596	3.6203	15.813
-0.68693	1.458	6.1462	-0.095932	-1.3438	3.5355	15.832
-0.68702	1.4567	6.1495	-0.09248	-1.3279	3.4516	15.849
-0.68711	1.4554	6.1527	-0.089111	-1.3121	3.3687	15.862
-0.68719	1.4541	6.1559	-0.085825	-1.2962	3.2866	15.871
-0.68728	1.4528	6.159	-0.082619	-1.2803	3.2056	15.876
-0.68736	1.4515	6.1621	-0.079494	-1.2645	3.1255	15.879
-0.68743	1.4502	6.1651	-0.076447	-1.2486	3.0464	15.877
-0.68751	1.449	6.1681	-0.073479	-1.2327	2.9684	15.872
-0.68758	1.4478	6.171	-0.070588	-1.2168	2.8913	15.864
-0.68764	1.4466	6.1739	-0.067772	-1.201	2.8154	15.852
-0.68771	1.4454	6.1767	-0.065032	-1.1851	2.7405	15.837
-0.68777	1.4442	6.1795	-0.062365	-1.1693	2.6667	15.819
-0.68783	1.443	6.1822	-0.059771	-1.1535	2.5941	15.797
-0.68789	1.4419	6.1849	-0.057248	-1.1377	2.5225	15.771
-0.68794	1.4408	6.1875	-0.054796	-1.122	2.4521	15.742
-0.688	1.4396	6.1901	-0.052413	-1.1062	2.3828	15.71
-0.68805	1.4386	6.1926	-0.050099	-1.0905	2.3147	15.675
-0.68809	1.4375	6.1951	-0.047851	-1.0749	2.2478	15.636
-0.68814	1.4364	6.1975	-0.045669	-1.0593	2.182	15.595
-0.68818	1.4354	6.1999	-0.043552	-1.0437	2.1174	15.55
-0.68822	1.4343	6.2022	-0.041498	-1.0282	2.0539	15.501
-0.68826	1.4333	6.2045	-0.039506	-1.0127	1.9917	15.45
-0.6883	1.4323	6.2067	-0.037575	-0.99727	1.9307	15.396
-0.68834	1.4313	6.2089	-0.035705	-0.9819	1.8708	15.338
-0.68837	1.4303	6.2111	-0.033892	-0.96659	1.8122	15.278
-0.6884	1.4294	6.2132	-0.032138	-0.95134	1.7547	15.214
-0.68843	1.4284	6.2152	-0.030439	-0.93616	1.6984	15.147
-0.68846	1.4275	6.2173	-0.028796	-0.92105	1.6433	15.078
-0.68849	1.4266	6.2192	-0.027207	-0.90601	1.5895	15.006
-0.68851	1.4257	6.2212	-0.02567	-0.89104	1.5367	14.93
-0.68854	1.4248	6.223	-0.024185	-0.87615	1.4852	14.852
-0.68856	1.4239	6.2249	-0.02275	-0.86134	1.4349	14.772
-0.68858	1.4231	6.2267	-0.021364	-0.84661	1.3857	14.688
-0.6886	1.4222	6.2284	-0.020026	-0.83196	1.3377	14.602
-0.68862	1.4214	6.2302	-0.018735	-0.8174	1.2909	14.513
-0.68864	1.4206	6.2318	-0.01749	-0.80294	1.2452	14.422
-0.68866	1.4198	6.2335	-0.01629	-0.78856	1.2006	14.328
-0.68867	1.419	6.2351	-0.015132	-0.77428	1.1572	14.232
-0.68868	1.4183	6.2367	-0.014018	-0.7601	1.1148	14.133
-0.6887	1.4175	6.2382	-0.012944	-0.74602	1.0736	14.031
-0.68871	1.4168	6.2397	-0.01191	-0.73204	1.0335	13.928
-0.68872	1.416	6.2411	-0.010916	-0.71816	0.99452	13.822
-0.68873	1.4153	6.2425	-0.0099594	-0.70439	0.95657	13.714
-0.68874	1.4146	6.2439	-0.0090397	-0.69073	0.91969	13.603
-0.68875	1.4139	6.2453	-0.0081558	-0.67719	0.88385	13.491
-0.68875	1.4133	6.2466	-0.0073068	-0.66375	0.84905	13.376
-0.68876	1.4126	6.2479	-0.0064915	-0.65044	0.81526	13.259
-0.68877	1.412	6.2491	-0.005709	-0.63724	0.78248	13.141
-0.68877	1.4113	6.2503	-0.0049584	-0.62416	0.75068	13.02
-0.68878	1.4107	6.2515	-0.0042385	-0.6112	0.71986	12.897
-0.68878	1.4101	6.2526	-0.0035485	-0.59836	0.68999	12.773
-0.68878	1.4095	6.2538	-0.0028875	-0.58565	0.66106	12.647
-0.68879	1.409	6.2548	-0.0022544	-0.57307	0.63306	12.519
-0.68879	1.4084	6.2559	-0.0016484	-0.56061	0.60597	12.39
-0.68879	1.4078	6.2569	-0.0010687	-0.54829	0.57976	12.258
-0.68879	1.4073	6.2579	-0.00051423	-0.5361	0.55443	12.126
-0.68879	1.4068	6.2589	1.57E-05	-0.52404	0.52996	11.992
-0.68879	1.4062	6.2598	0.00052204	-0.51211	0.50632	11.856
-0.68879	1.4057	6.2607	0.0010055	-0.50033	0.4835	11.719
-0.68879	1.4052	6.2616	0.001467	-0.48868	0.46149	11.581
-0.68878	1.4048	6.2625	0.0019073	-0.47717	0.44026	11.441
-0.68878	1.4043	6.2633	0.0023271	-0.46579	0.4198	11.3
-0.68878	1.4038	6.2641	0.0027272	-0.45457	0.40009	11.158
-0.68878	1.4034	6.2649	0.0031083	-0.44348	0.38111	11.015
-0.68877	1.4029	6.2656	0.0034711	-0.43253	0.36285	10.871
-0.68877	1.4025	6.2664	0.0038164	-0.42174	0.34528	10.726
-0.68876	1.4021	6.2671	0.0041448	-0.41108	0.32839	10.58
-0.68876	1.4017	6.2678	0.004457	-0.40058	0.31216	10.434
-0.68875	1.4013	6.2684	0.0047536	-0.39022	0.29657	10.286
-0.68875	1.4009	6.2691	0.0050352	-0.38	0.28161	10.138
-0.68874	1.4005	6.2697	0.0053024	-0.36994	0.26726	9.989
-0.68874	1.4002	6.2703	0.0055559	-0.36003	0.2535	9.8395
-0.68873	1.3998	6.2709	0.0057962	-0.35026	0.24031	9.6894
-0.68873	1.3995	6.2714	0.0060239	-0.34065	0.22768	9.5389
-0.68872	1.3991	6.272	0.0062395	-0.33118	0.21559	9.3879
-0.68871	1.3988	6.2725	0.0064435	-0.32187	0.20402	9.2365
-0.68871	1.3985	6.273	0.0066365	-0.31271	0.19296	9.0849
-0.6887	1.3982	6.2735	0.0068189	-0.3037	0.18239	8.933
-0.68869	1.3979	6.2739	0.0069912	-0.29484	0.1723	8.781
-0.68869	1.3976	6.2744	0.0071538	-0.28614	0.16266	8.6288
-0.68868	1.3973	6.2748	0.0073073	-0.27759	0.15347	8.4765
-0.68867	1.397	6.2752	0.007452	-0.26919	0.14471	8.3243
-0.68866	1.3968	6.2756	0.0075884	-0.26094	0.13636	8.1721
-0.68866	1.3965	6.276	0.0077168	-0.25284	0.12841	8.02
-0.68865	1.3963	6.2763	0.0078376	-0.2449	0.12084	7.8681
-0.68864	1.396	6.2767	0.0079513	-0.23711	0.11365	7.7164
-0.68863	1.3958	6.277	0.0080581	-0.22947	0.10681	7.565
-0.68862	1.3956	6.2774	0.0081584	-0.22198	0.10032	7.4139
-0.68862	1.3953	6.2777	0.0082526	-0.21464	0.09415	7.2633
-0.68861	1.3951	6.278	0.0083409	-0.20745	0.088302	7.1131
-0.6886	1.3949	6.2783	0.0084236	-0.20041	0.082758	6.9634
-0.68859	1.3947	6.2785	0.0085011	-0.19352	0.077506	6.8143
-0.68858	1.3945	6.2788	0.0085737	-0.18678	0.072534	6.6659
-0.68857	1.3944	6.279	0.0086415	-0.18019	0.06783	6.5181
-0.68857	1.3942	6.2793	0.0087049	-0.17375	0.063383	6.371
-0.68856	1.394	6.2795	0.0087641	-0.16745	0.059182	6.2248
-0.68855	1.3938	6.2797	0.0088193	-0.1613	0.055217	6.0794
-0.68854	1.3937	6.2799	0.0088708	-0.15529	0.051476	5.9349
-0.68853	1.3935	6.2801	0.0089187	-0.14943	0.047949	5.7913
-0.68852	1.3934	6.2803	0.0089633	-0.14371	0.044628	5.6487
-0.68851	1.3932	6.2805	0.0090048	-0.13813	0.041501	5.5072
-0.6885	1.3931	6.2806	0.0090434	-0.13269	0.038561	5.3668
-0.68849	1.393	6.2808	0.0090792	-0.12739	0.035797	5.2275
-0.68848	1.3929	6.281	0.0091124	-0.12224	0.033202	5.0895
-0.68848	1.3927	6.2811	0.0091432	-0.11721	0.030768	4.9526
-0.68847	1.3926	6.2812	0.0091716	-0.11233	0.028485	4.8171
-0.68846	1.3925	6.2814	0.009198	-0.10758	0.026347	4.6829
-0.68845	1.3924	6.2815	0.0092223	-0.10296	0.024346	4.5501
-0.68844	1.3923	6.2816	0.0092448	-0.09848	0.022475	4.4187
-0.68843	1.3922	6.2817	0.0092655	-0.094126	0.020727	4.2888
-0.68842	1.3921	6.2818	0.0092846	-0.089901	0.019095	4.1604
-0.68841	1.392	6.2819	0.0093022	-0.085804	0.017573	4.0336
-0.6884	1.3919	6.282	0.0093184	-0.081834	0.016155	3.9084
-0.68839	1.3919	6.2821	0.0093332	-0.077987	0.014835	3.7847
-0.68838	1.3918	6.2822	0.0093468	-0.074264	0.013608	3.6628
-0.68837	1.3917	6.2823	0.0093593	-0.070661	0.012467	3.5426
-0.68836	1.3917	6.2823	0.0093707	-0.067178	0.011409	3.4241
-0.68835	1.3916	6.2824	0.0093811	-0.063812	0.010428	3.3074
-0.68835	1.3915	6.2825	0.0093906	-0.060563	0.0095192	3.1925
-0.68834	1.3915	6.2825	0.0093993	-0.057427	0.0086785	3.0794
-0.68833	1.3914	6.2826	0.0094072	-0.054403	0.0079017	2.9682
-0.68832	1.3914	6.2826	0.0094144	-0.05149	0.0071846	2.859
-0.68831	1.3913	6.2827	0.0094209	-0.048684	0.0065235	2.7516
-0.6883	1.3913	6.2827	0.0094268	-0.045986	0.0059147	2.6463
-0.68829	1.3912	6.2828	0.0094322	-0.043391	0.0053547	2.5429
-0.68828	1.3912	6.2828	0.009437	-0.040899	0.0048404	2.4415
-0.68827	1.3911	6.2828	0.0094414	-0.038508	0.0043685	2.3422
-0.68826	1.3911	6.2829	0.0094453	-0.036214	0.0039363	2.2449
-0.68825	1.3911	6.2829	0.0094489	-0.034017	0.0035408	2.1497
-0.68824	1.391	6.2829	0.009452	-0.031914	0.0031795	2.0566
-0.68823	1.391	6.2829	0.0094549	-0.029903	0.0028499	1.9656
-0.68822	1.391	6.283	0.0094574	-0.027982	0.0025497	1.8768
-0.68821	1.3909	6.283	0.0094597	-0.026149	0.0022766	1.7901
-0.6882	1.3909	6.283	0.0094618	-0.024401	0.0020288	1.7056
-0.68819	1.3909	6.283	0.0094636	-0.022737	0.0018041	1.6232
-0.68818	1.3909	6.283	0.0094652	-0.021154	0.0016008	1.543
-0.68818	1.3908	6.2831	0.0094666	-0.01965	0.0014172	1.465
-0.68817	1.3908	6.2831	0.0094678	-0.018223	0.0012517	1.3892
-0.68816	1.3908	6.2831	0.0094689	-0.016871	0.0011028	1.3156
-0.68815	1.3908	6.2831	0.0094699	-0.015591	0.0009691	1.2442
-0.68814	1.3908	6.2831	0.0094707	-0.014382	0.00084934	1.1751
-0.68813	1.3908	6.2831	0.0094715	-0.01324	0.00074228	1.1081
-0.68812	1.3908	6.2831	0.0094721	-0.012165	0.0006468	1.0433
-0.68811	1.3907	6.2831	0.0094727	-0.011153	0.00056186	0.98078
-0.6881	1.3907	6.2831	0.0094732	-0.010203	0.0004865	0.92041
-0.68809	1.3907	6.2831	0.0094736	-0.0093115	0.00041981	0.86224
-0.68808	1.3907	6.2832	0.009474	-0.0084774	0.00036096	0.80625
-0.68807	1.3907	6.2832	0.0094743	-0.0076983	0.00030919	0.75243
-0.68806	1.3907	6.2832	0.0094745	-0.0069719	0.00026379	0.70076
-0.68805	1.3907	6.2832	0.0094748	-0.006296	0.0002241	0.65124
-0.68804	1.3907	6.2832	0.009475	-0.0056687	0.00018954	0.60385
-0.68803	1.3907	6.2832	0.0094751	-0.0050876	0.00015955	0.55856
-0.68802	1.3907	6.2832	0.0094752	-0.0045509	0.00013363	0.51536
-0.68801	1.3907	6.2832	0.0094754	-0.0040562	0.00011132	0.47422
-0.688	1.3907	6.2832	0.0094755	-0.0036017	9.22E-05	0.43513
-0.688	1.3907	6.2832	0.0094755	-0.0031853	7.59E-05	0.39804
-0.68799	1.3907	6.2832	0.0094756	-0.002805	6.21E-05	0.36294
-0.68798	1.3907	6.2832	0.0094756	-0.0024588	5.04E-05	0.3298
-0.68797	1.3907	6.2832	0.0094757	-0.0021447	4.07E-05	0.29858
-0.68796	1.3907	6.2832	0.0094757	-0.001861	3.25E-05	0.26924
-0.68795	1.3907	6.2832	0.0094757	-0.0016057	2.58E-05	0.24175
-0.68794	1.3907	6.2832	0.0094758	-0.0013769	2.02E-05	0.21607
-0.68793	1.3906	6.2832	0.0094758	-0.0011729	1.57E-05	0.19215
-0.68792	1.3906	6.2832	0.0094758	-0.00099202	1.21E-05	0.16996
-0.68791	1.3906	6.2832	0.0094758	-0.00083245	9.17E-06	0.14945
-0.6879	1.3906	6.2832	0.0094758	-0.00069258	6.86E-06	0.13057
-0.68789	1.3906	6.2832	0.0094758	-0.00057079	5.06E-06	0.11326
-0.68788	1.3906	6.2832	0.0094758	-0.00046554	3.67E-06	0.097488
-0.68787	1.3906	6.2832	0.0094758	-0.00037532	2.61E-06	0.083181
-0.68786	1.3906	6.2832	0.0094758	-0.0002987	1.82E-06	0.070288
-0.68785	1.3906	6.2832	0.0094758	-0.0002343	1.24E-06	0.058748
-0.68784	1.3906	6.2832	0.0094758	-0.00018078	8.21E-07	0.0485
-0.68783	1.3906	6.2832	0.0094758	-0.00013689	5.27E-07	0.039479
-0.68782	1.3906	6.2832	0.0094758	-0.00010143	3.26E-07	0.031618
-0.68782	1.3906	6.2832	0.0094758	-7.33E-05	1.93E-07	0.024847
-0.68781	1.3906	6.2832	0.0094758	-5.14E-05	1.09E-07	0.019094
-0.6878	1.3906	6.2832	0.0094758	-3.48E-05	5.72E-08	0.014286
-0.68779	1.3906	6.2832	0.0094758	-2.25E-05	2.78E-08	0.010345
-0.68778	1.3906	6.2832	0.0094758	-1.38E-05	1.21E-08	0.0071923
-0.68777	1.3906	6.2832	0.0094758	-7.92E-06	4.58E-09	0.004746
-0.68776	1.3906	6.2832	0.0094758	-4.13E-06	1.38E-09	0.0029219
-0.68775	1.3906	6.2832	0.0094758	-1.90E-06	2.78E-10	0.0016331
-0.68774	1.3906	6.2832	0.0094758	-7.18E-07	1.14E-11	0.00079011
-0.68773	1.3906	6.2832	0.0094758	-1.98E-07	-1.06E-11	0.00030107
-0.68772	1.3906	6.2832	0.0094758	-2.89E-08	-6.25E-13	7.14E-05
-0.68771	1.3906	6.2832	0.0094758	-6.12E-10	1.81E-12	3.97E-06
